seed = 2806 sort algorithm = Quick Sort

Unsorted:
       247        100        205        130        147        208        201        206
       239        252        133        218         11        232          1        166
       231        148         61         50        131          0         57        126
       223         44        245        138        251         24        113         86
       215        196        173        226        115         48        169         46
       207         92        101         58        235         72        225          6
       199        244         29        146         99         96         25        222
       191        140        213        234        219        120         81        182
       183         36        141         66         83        144        137        142
       175        188         69        154        203        168        193        102
       167         84        253        242         67        192        249         62
       159        236        181         74        187        216         49         22
       151        132        109        162         51        240        105        238
       143         28         37        250        171          8        161        198
       135        180        221         82         35         32        217        158
       127         76        149        170        155         56         17        118
       119        228         77          2         19         80         73         78
       111        124          5         90        139        104        129         38
       103         20        189        178          3        128        185        254
        95        172        117         10        123        152        241        214
        87         68         45         98        243        176         41        174
        79        220        229        186        107        200         97        134
        71        116        157         18        227        224        153         94
        63         12         85        106         91        248        209         54
        55        164         13        194        211         16          9         14
        47         60        197         26         75         40         65        230
        39        212        125        114        195         64        121        190
        31        108         53        202         59         88        177        150
        23          4        237         34        179        112        233        110
        15        156        165        122         43        136         33         70
         7         52         93        210        163        160         89         30
       255        204         21         42         27        184        145        246
       247        100        205        130        147        208        201        206
       239        252        133        218         11        232          1        166
       231        148         61         50        131          0         57        126
       223         44        245        138        251         24        113         86
       215        196        173        226        115         48        169         46
       207         92        101         58        235         72        225          6
       199        244         29        146         99         96         25        222
       191        140        213        234        219        120         81        182
       183         36        141         66         83        144        137        142
       175        188         69        154        203        168        193        102
       167         84        253        242         67        192        249         62
       159        236        181         74        187        216         49         22
       151        132        109        162         51        240        105        238
       143         28         37        250        171          8        161        198
       135        180        221         82         35         32        217        158
       127         76        149        170        155         56         17        118
       119        228         77          2         19         80         73         78
       111        124          5         90        139        104        129         38
       103         20        189        178          3        128        185        254
        95        172        117         10        123        152        241        214
        87         68         45         98        243        176         41        174
        79        220        229        186        107        200         97        134
        71        116        157         18        227        224        153         94
        63         12         85        106         91        248        209         54
        55        164         13        194        211         16          9         14
        47         60        197         26         75         40         65        230
        39        212        125        114        195         64        121        190
        31        108         53        202         59         88        177        150
        23          4        237         34        179        112        233        110
        15        156        165        122         43        136         33         70
         7         52         93        210        163        160         89         30
       255        204         21         42         27        184        145        246
       247        100        205        130        147        208        201        206
       239        252        133        218         11        232          1        166
       231        148         61         50        131          0         57        126
       223         44        245        138        251         24        113         86
       215        196        173        226        115         48 
Sorting:

Sorted:
         0          0          0          1          1          1          2          2
         3          3          4          4          5          5          6          6
         7          7          8          8          9          9         10         10
        11         11         11         12         12         13         13         14
        14         15         15         16         16         17         17         18
        18         19         19         20         20         21         21         22
        22         23         23         24         24         24         25         25
        26         26         27         27         28         28         29         29
        30         30         31         31         32         32         33         33
        34         34         35         35         36         36         37         37
        38         38         39         39         40         40         41         41
        42         42         43         43         44         44         44         45
        45         46         46         47         47         48         48         48
        49         49         50         50         50         51         51         52
        52         53         53         54         54         55         55         56
        56         57         57         57         58         58         59         59
        60         60         61         61         61         62         62         63
        63         64         64         65         65         66         66         67
        67         68         68         69         69         70         70         71
        71         72         72         73         73         74         74         75
        75         76         76         77         77         78         78         79
        79         80         80         81         81         82         82         83
        83         84         84         85         85         86         86         86
        87         87         88         88         89         89         90         90
        91         91         92         92         93         93         94         94
        95         95         96         96         97         97         98         98
        99         99        100        100        100        101        101        102
       102        103        103        104        104        105        105        106
       106        107        107        108        108        109        109        110
       110        111        111        112        112        113        113        113
       114        114        115        115        115        116        116        117
       117        118        118        119        119        120        120        121
       121        122        122        123        123        124        124        125
       125        126        126        126        127        127        128        128
       129        129        130        130        130        131        131        131
       132        132        133        133        133        134        134        135
       135        136        136        137        137        138        138        138
       139        139        140        140        141        141        142        142
       143        143        144        144        145        145        146        146
       147        147        147        148        148        148        149        149
       150        150        151        151        152        152        153        153
       154        154        155        155        156        156        157        157
       158        158        159        159        160        160        161        161
       162        162        163        163        164        164        165        165
       166        166        166        167        167        168        168        169
       169        170        170        171        171        172        172        173
       173        173        174        174        175        175        176        176
       177        177        178        178        179        179        180        180
       181        181        182        182        183        183        184        184
       185        185        186        186        187        187        188        188
       189        189        190        190        191        191        192        192
       193        193        194        194        195        195        196        196
       196        197        197        198        198        199        199        200
       200        201        201        201        202        202        203        203
       204        204        205        205        205        206        206        206
       207        207        208        208        208        209        209        210
       210        211        211        212        212        213        213        214
       214        215        215        215        216        216        217        217
       218        218        218        219        219        220        220        221
       221        222        222        223        223        223        224        224
       225        225        226        226        226        227        227        228
       228        229        229        230        230        231        231        231
       232        232        232        233        233        234        234        235
       235        236        236        237        237        238        238        239
       239        239        240        240        241        241        242        242
       243        243        244        244        245        245        245        246
       246        247        247        247        248        248        249        249
       250        250        251        251        251        252        252        252
       253        253        254        254        255        255 
